30
-4.0 -2.0040519366580303
-3.5555555555555554 -1.8069522203728559
-3.111111111111111 -1.5826243763761072
-2.666666666666667 -1.4214567672931084
-2.2222222222222223 -1.0211974247295248
-1.7777777777777777 -0.9738087748517679
-1.3333333333333335 -0.5885216736754728
-0.8888888888888893 -0.39971258005137855
-0.44444444444444464 -0.22678528889139213
0.0 0.053838290883824386
1.0 12.431012679488463
1.4444444444444444 17.13637892404676
1.8888888888888888 17.31611184496115
2.333333333333333 20.468511974401984
2.7777777777777777 24.941140475371885
3.2222222222222223 30.214720751661694
3.6666666666666665 38.37899822202405
4.111111111111111 42.39804076492079
4.555555555555555 44.15723826871148
5.0 52.28828478433938
6.0 92.76294683951647
6.444444444444445 98.41263807994518
6.888888888888889 100.66590141445779
7.333333333333333 110.53158537610547
7.777777777777778 113.76453130653452
8.222222222222221 120.39711660730111
8.666666666666666 128.21234274532674
9.11111111111111 139.22070183886242
9.555555555555555 143.01669914772233
10.0 148.69963393206268
